id,betAmount,numMines,balanceBefore,profit,balanceAfter,win
1,250.0,1,1000.0,-250.0,750.0,Loss
2,75.0,1,750.0,-75.0,675.0,Loss
3,67.0,1,675.0,-67.0,608.0,Loss
4,67.0,1,608.0,-67.0,541.0,Loss
5,541.0,1,541.0,1098.23,1639.23,Win
6,409.0,1,1639.22,-409.0,1230.22,Loss
7,1230.0,1,1230.22,639.6,1869.83,Win
8,1869.0,1,1869.82,971.88,2841.7,Win
9,2841.0,1,2841.71,-2841.0,0.71,Loss
